0.051934818626550694
0.07035247107405379
0.06617590206068591
0.05268460369139771
0.042726992745758974
0.029293707225354515
0.009306414530010354
0.008105566726988922
0.005793370972469569
0.006424878573157766
0.005143859778604987
0.005201269821114796
0.004479761646437153
0.004687890110103399
0.004073837305495598
0.003585222738718974
0.003737178124051055
0.004286219164072791
0.0038746429653543357
0.00413169508810407
0.00339823083634061
0.003730146342012186
0.002922603573123461
0.0026757755680052453
0.0035108693643641775
0.0025674444030872046
0.0025682820041889043
0.0029778089141472286
0.003193607971348711
0.011072157660095061
0.0038125995823927727
0.0025666050549995045
0.0018978367871649304
0.0012099903264720657
0.0007355892502477479
0.000637701244734834
0.0006354664623391404
0.0006669151836153908
0.0007093214995939068
0.0007744356787898754
0.0008371454268819578
0.000838385324407942
0.0008895010878987586
0.0009948590572624871
0.000986277629527299
0.0011014508560230896
0.0011854221742326754
0.001261003525615756
0.0012031575012717566
0.0012577858237049488
0.0013585910248458122
0.0013087740606834153
0.0012639266004415006
0.0014094807658664443
0.001382280151157711
0.0013807858265144635
0.0013512575004380745
0.0013666647993948455
0.0014111708944252177
0.001437738204867478
0.001625965181110356
0.0015627582335521195
0.0016512881624980436
0.0018952339824979125
0.0018419205583800613
0.0020101777673543486
0.0019992980557765883
0.0021152088031747285
0.0023135261302227317
0.0023710862683771206
0.002215594091183992
0.0020188487105557984
0.0021013696872659304
0.0021379182652216944
0.0021908269350614518
0.002085193208921421
0.002390352111214522
0.0023202812367209003
0.0025067998356957943
0.00235358284057241
0.002434379614211557
0.002814831757462777
0.0028014725821069453
0.002913832414478734
0.00297472363321849
0.0030941794964434166
0.003273190915255797
0.00331754206985746
0.004149713224929408
0.004740848578746237
0.0045268144437978775
0.004483131103748095
0.005740491826642824
0.005368813282560891
0.006604939351040007
0.004589890420677589
0.0037510247824129594
0.00397133502275826
0.003432202663676054