0.03604820947467202
0.036181377403957715
0.03572351985847999
0.030983510658281865
0.034271086487578595
0.03139710998702272
0.004940688174817742
0.0009559473641764793
0.001965754249347751
0.0006582176838052511
0.00060280571295801
0.0005278705196084532
0.0004567187425726926
0.0004176508092148534
0.0003539798437510733
0.00032186766460751137
0.00029368968050980104
0.0002501204803707635
0.00020599758924566558
0.00018847307862068785
0.0001588050424631282
0.00013723781643137922
0.00011979306848231008
0.0001150467718372683
9.753705550263891e-05
8.676685102337878e-05
7.62649629122425e-05
6.687703016861057e-05
5.8210243644274406e-05
5.3320686210889257e-05
4.8589061826587177e-05
4.526711041519249e-05
4.110462764961298e-05
3.714921579089925e-05
3.430456508823898e-05
3.286255477330524e-05
2.9403440477082654e-05
2.8259190800072886e-05
2.6633067420456236e-05
2.4908730044681526e-05
2.4033031433945418e-05
2.39271562052501e-05
2.249730934411609e-05
2.174127420861982e-05
2.018629414080042e-05
1.9425961279462278e-05
1.9022259251100238e-05
1.8783879583317287e-05
1.8188353742232266e-05
1.6997730471479677e-05
1.6824964029882317e-05
1.6218927182620746e-05
1.6047630857496387e-05
1.5624676236947188e-05
1.4832342072446103e-05
1.4443705684596964e-05
1.4147711832723786e-05
1.3755414470129068e-05
1.3696668471507856e-05
1.3303864786373687e-05
1.3019058142549333e-05
1.2626362351775278e-05
1.2331539783416723e-05
1.2154157050470182e-05
1.1751113194513607e-05
1.1580800409416447e-05
1.1208660052441921e-05
1.1060846639154853e-05
1.0817900416459914e-05
1.0577676223477717e-05
1.0362329012414406e-05
1.0106644844243284e-05
9.943540181911459e-06
9.75872356057117e-06
9.55724099216404e-06
9.433423348692571e-06
9.211601008196624e-06
9.06396083077965e-06
8.780724010892804e-06
8.713055947184856e-06
8.559917715755816e-06
8.35198155979544e-06
8.250645084473263e-06
8.08426826426345e-06
7.903017855470651e-06
7.801267925322541e-06
7.721920685321848e-06
7.450127421093633e-06
7.4728066392637515e-06
7.2612414989681184e-06
7.195897029244058e-06
7.096838119946547e-06
6.994590369013842e-06
6.8518550955243285e-06
6.7510228654033e-06
6.621439187060041e-06
6.607978585204677e-06
6.449160741994753e-06
6.357614964924707e-06